#root_directory_path = /Users/b0014/Documents/Guia/
root_directory_path = /Users/junior/Documents/Mestrado/Guia/
destination_path = /Users/junior/Documents/Mestrado/Guia/
#destination_path = /Users/b0014/Documents/Guia/
file_name = species_seed.json



para = -1.451875, -48.494238
amazonas = -3.127830, -60.025627
acre = -10.037996, -67.797041
roraima = 3.037674, -60.873909
amapa = 2.033535, -50.784708
tocantins = -9.267662, -48.243474
rondonia = -10.834184, -62.822293

maranhao = -2.659166, -44.217809
alagoas = -9.542895, -35.718021
bahia = -12.972886, -38.491392
ceara = -4.855218, -39.487133
paraiba = -7.070414, -35.181350
pernambuco = -7.947468, -35.184659
piaui = -6.522508, -42.443286
rio_grande_do_norte = -5.813248, -36.028908
sergipe -10.506333, -37.364083

goias = -16.768384, -49.680259
mato_grosso = -13.123633, -55.105531
mato_grosso_do_sul = -19.988948, -54.667996

minas_gerais = -19.053488, -44.223210
sao_paulo = -22.982844, -47.560966
rio_de_janeiro = -22.717443, -42.978490
espirito_santo = -20.297634, -40.296128

parana = -25.357206, -49.631549
santa_catarina = -27.473879, -49.135976
rio_grande_do_sul = -30.197970, -51.650772

